0.6450186247872834
0.6920261194210241
0.661549181041151
0.7271992900584003
0.7229721522567296
0.777700140924737
0.7528172861231436
0.7455692102413366
0.734585450427367
0.7576239557549505
0.779430880404935
0.7854358937480662
0.7888352800123762
0.7738599116259283
0.7842114136950804
0.7849810005414604
0.779033094349474
0.7840978037012686
0.7945018806079827
0.790658176535427
0.7893477336014851
0.8141481002958695
0.8095184930480352
0.8017457263304455
0.7960310832108601
0.794992730169013
0.8126829543916305
0.8117681824334777
0.8034994295327971
0.8012439992168162
